0.000000000000000000e+00,3.829789999999999583e-01,5.384619999999999962e-01,3.846150000000000402e-01,5.769230000000000746e-01,2.368419999999999970e-01
3.829789999999999583e-01,0.000000000000000000e+00,4.893619999999999637e-01,4.615380000000000038e-01,3.829789999999999583e-01,3.684209999999999985e-01
5.384619999999999962e-01,4.893619999999999637e-01,0.000000000000000000e+00,5.384619999999999962e-01,3.448280000000000234e-01,3.684209999999999985e-01
3.846150000000000402e-01,4.615380000000000038e-01,5.384619999999999962e-01,0.000000000000000000e+00,5.128209999999999713e-01,4.871790000000000287e-01
5.769230000000000746e-01,3.829789999999999583e-01,3.448280000000000234e-01,5.128209999999999713e-01,0.000000000000000000e+00,2.894740000000000091e-01
2.368419999999999970e-01,3.684209999999999985e-01,3.684209999999999985e-01,4.871790000000000287e-01,2.894740000000000091e-01,0.000000000000000000e+00
